311.733	197.861	428.915	187.973
71.3782	105.421	180.177	100.322
122.665	78.9544	230.921	21.2979
123.306	132.88	107.96	71.9779
128.837	26.3428	108.764	17.3562
130.198	132.841	115.932	71.3482
278.922	61.0283	386.793	53.0614
190.783	23.2397	292.81	17.6483
76.1225	49.3357	54.0239	43.3847
64.2641	104.454	173.171	99.8291
138.198	25.6594	118.855	16.6883
72.2458	161.638	185.095	155.522
238.845	82.8003	240.163	72.8423
13.254	215.232	13.0869	214.894
184.126	106.787	52.114	100.525
229.799	83.0513	230.068	73.4975
326.693	150.535	443.14	140.197
176.943	160.087	234.566	127.158
229.116	150.893	343.943	142.624
182.736	126.775	294.633	119.75
552.464	162.932	517.16	122.279
177.199	107.306	288.904	100.017
283.252	173.716	399.079	164.881
177.389	126.344	289.144	119.236
274.7	157.941	391.242	148.327
131.788	79.2721	238.602	22.1536
122.348	98.0091	172.853	120.961
502.273	32.89	435.453	76.4933
130.824	187.838	246.216	179.985
67.0188	68.7363	172.089	64.9842
559.142	109.832	664.233	96.8847
277.95	79.138	387.939	71.2443
341.433	170.882	458.568	161.974
493.549	204.057	607.761	192.398
73.8524	70.4155	179.554	65.9117
277.021	108.709	390.212	99.7205
727.549	222.235	718.484	200.09
320.441	177.181	436.355	167.359
500.105	135.141	609.679	123.484
62.192	126.332	49.875	183.017
320.867	132.556	454.31	123.211
613.039	49.1161	710.977	34.5879
505.096	134.89	614.719	122.369
454.819	159.488	567.528	148.464
451.741	59.8257	556.735	48.867
120.46	154.469	233.414	147.028
282.833	109.396	396.104	100.163
322.711	192.044	440.751	182.599
339.412	149.073	455.375	139.609
610.736	26.6655	602.466	20.7154
405.262	195.178	521.657	184.875
411.269	39.9868	517.113	28.8096
240.966	34.1913	394.037	53.079
129.824	98.4925	180.332	120.435
121.764	188.543	116.028	186.364
70.6138	125.708	116.805	92.8375
611.388	136.879	661.959	150.937
457.413	59.3618	563.628	48.4681
451.708	109.868	562.28	98.1966
739.092	81.1565	716.713	124.229
603.928	211.724	713.895	199.361
229.424	101.397	230.819	93.3676
618.64	25.5203	712.457	11.7192
328.342	103.175	346.285	44.8521
131.11	152.443	122.075	148.675
457.703	78.1542	564.302	67.0746
364.665	82.8182	474.081	72.4868
341.03	191.277	460.173	180.786
238.488	99.5531	240.19	91.5308
341.876	85.0405	452.885	76.293
178.133	181.136	292.916	173.064
502.048	187.904	613.696	175.996
555.556	76.2417	658.845	63.5746
235.112	182.639	351.968	173.526
322.282	103.154	339.061	44.1
342.724	127.671	457.256	118.48
607.924	201.259	717.608	187.544
411.77	85.5401	521.111	74.5899
609.623	160.857	715.818	147.032
340.741	16.0945	431.808	49.0427
365.633	128.857	479.676	118.868
366.707	110.616	479.437	100.181
408.289	102.447	520.062	140.12
407.487	182.281	523.448	171.084
131.643	204.104	126.743	205.344
363.053	162.408	479.939	153.9
323.442	57.3685	340.773	93.9023
613.716	155.039	721.077	142.049
454.839	178.516	567.91	166.985
14.0031	243.441	16.1101	236.016
234.993	198.977	352.112	189.9
121.946	206.829	117.374	208.267
454.219	126.483	565.141	115.715
299.392	177.783	380.056	170.173
489.376	85.73	596.311	73.7335
244.141	103.777	72.1187	39.6932
615.345	33.5863	710.956	21.2465
492.417	221.243	607.857	209.962
101.456	164.229	214.218	157.007
400.949	214.41	514.47	203.325
525.494	138.036	705.421	99.7509
304.064	170.28	410.505	161.074
587.984	197.369	510.463	150.141
86.3524	136.355	214.466	131.214
178.882	188.39	295.815	180.038
601.363	230.604	719.479	218.231
728.985	113.614	611.436	152.182
193.231	135.991	77.437	132.717
382.842	125.304	538.703	164.079
86.8771	66.989	34.2414	90.452
594.835	86.0696	615.026	101.412
606.476	168.051	716.372	155.774
205.468	59.9067	217.458	49.9153
139.446	164.01	180.946	131.916
633.828	127.072	633.797	60.4087
276.388	203.724	400.42	193.826
250.935	63.0027	253.158	52.6551
656.739	127.735	677.518	86.2791
644.44	83.92	635.974	46.6152
271.159	205.228	387.893	195.608
422.455	173.624	526.076	161.356
537.433	113.203	644.312	101.107
580.339	167.786	547.222	126.984
223.094	162.987	339.411	154.998
628.079	57.6401	604.916	50.1754
542.455	138.243	650.405	126.165
423.406	63.9212	530.263	52.7951
422.991	88.4925	481.358	79.1722
243.321	111.207	68.1217	47.0258
26.1283	194.661	97.4716	190.779
473.572	176.974	587.534	164.749
321.378	67.3857	344.957	103.378
70.4436	135.678	197.405	130.791
698.486	113.138	698.035	183.535
249.865	197.29	366.488	187.636
597.613	156.097	643.466	141.303
468.466	86.9443	624.297	46.8064
211.161	110.89	76.9949	103.849
115.881	110.375	187.404	131.656
52.5341	64.9613	32.898	33.3261
228.514	13.2011	393.277	33.8285
422.366	161.08	537.294	150.045
35.3751	108.759	26.452	164.642
456.101	99.0356	611.541	61.2835
94.2838	136.691	221.904	131.66
716.491	205.418	734.226	186.193
419.054	125.245	407.468	114.019
735.79	93.5962	607.265	135.494
579.882	196.35	502.519	150.216
270.228	16.9743	414.458	79.1556
100.376	137.74	89.194	76.8267
430.811	99.1258	473.194	90.2596
146.067	165.114	131.307	103.605
633.279	29.1421	665.305	19.0087
712.517	161.012	732.692	195.748
92.1578	191.855	205.912	184.553
288.309	42.0307	383.38	80.3742
699.605	70.0083	734.67	113.298
614.484	57.2529	708.453	43.2325
534.71	193.594	648.101	181.387
309.26	44.1389	328.469	104.035
232.697	208.671	351.386	198.32
717.376	128.026	716.662	170.913
712.854	84.7016	679.363	155.656
603.11	99.6468	622.752	112.751
212.374	36.058	315.142	30.0855
320.678	22.6199	413.397	34.9195
25.4411	80.035	27.9999	135.148
394.163	114.156	401.033	81.171
182.494	137.188	233.9	104.458
278.577	195.088	399.579	186.971
744.419	113.757	749.286	126.908
131.052	164.698	124.356	162.95
565.937	153.484	627.815	112.87
271.875	185.532	369.251	177.239
178.296	137.034	228.318	104.782
94.3155	109.606	204.427	104.293
121.481	164.107	126.333	104.16
621.302	171.325	729.412	156.746
129.022	177.027	179.668	144.218
83.4325	110.042	193.49	103.914
644.172	114.392	681.833	46.2554
306.946	66.567	393.193	80.0641
223.47	208.517	341.485	199.56
241.118	15.3709	404.901	58.4857
510.358	164.503	621.578	152.868
577.113	87.2573	680.288	73.2236
512.299	12.1077	440.177	59.2714
456.878	88.2511	612.415	49.2439
41.6092	124.344	99.5126	120.207
698.148	56.1255	741.442	100.166
179.836	84.9246	296.064	77.4078
396.673	124.151	391.543	138.747
404.055	113.748	395.248	127.175
170.372	137.636	47.7371	134.407
165.329	191.423	219.154	186.516
382.94	54.5664	446.624	114.049
643.479	141.141	662.713	73.1147
399.32	21.9273	495.477	34.2933
657.865	57.9207	627.137	75.3398
719.706	85.7583	686.143	155.781
534.574	152.957	691.798	112.117
522.239	61.3944	635.246	101.015
98.4171	54.9601	25.8722	77.4878
553.421	195.822	521.453	151.421
623.89	126.307	623.525	60.1867
494.521	125.017	616.713	113.372
387.266	113.857	494.197	103.576
519.258	191.855	631.445	179.27
158.312	164.956	275.971	157.936
163.483	58.0115	311.231	53.966
301.415	20.918	399.042	33.6504
653.294	114.048	691.244	44.3352
109.491	110.289	220.971	104.685
635.164	57.653	731.421	42.0361
37.2246	218.827	86.8996	213.599
148.139	137.773	128.717	77.1864
384.455	136.578	538.322	175.821
640.464	28.98	672.381	18.8564
183.216	201.434	288.615	191.023
712.474	113.879	583.499	152.761
110.496	54.9456	39.3002	76.3062
480.375	113.701	590.917	102.89
477.565	124.116	590.719	112.593
31.8519	207.919	77.8496	206.026
287.237	51.9209	311.87	114.914
380.487	89.8058	442.949	148.184
61.5104	136.852	165.398	131.681
737.592	129.209	738.463	171.676
207.334	137.107	267.468	104.031
303.094	136.871	419.245	127.045
443.653	98.3084	599.275	61.2248
43.1298	110.048	90.2129	104.766
198.613	121.215	66.8217	119.349
499.968	124.173	611.043	112.008
541.404	86.8648	644.669	73.7756
650.378	28.9615	735.437	14.2678
141.893	177.351	203.623	172.78
529.038	88.2138	632.041	127.385
150.556	197.862	144.587	202.818
149.403	191.237	271.297	183.51
254.409	39.7882	356.354	103.122
385.252	44.8375	511.476	55.9545
508.973	62.7549	595.21	50.5088
261.047	41.8846	272.139	53.4262
213.267	86.8858	212.753	77.7495
67.5296	217.975	221.468	208.009
420.511	113.987	410.381	127.11
386.488	90.937	520.354	102.671
273.432	137.099	389.049	128.507
