21.099000 52.001500 109.320000 178.957000
30.427800 53.397100 117.911000 179.718000
61.680800 62.444600 85.416900 115.848000
157.846000 68.908200 254.234000 58.464200
93.938500 72.704400 116.413000 123.580000
540.538000 73.087200 643.593000 48.038400
341.158000 75.057700 431.909000 57.137100
366.535000 74.836400 464.721000 58.153100
193.563000 76.067700 292.230000 63.174700
386.939000 78.051000 484.866000 59.939200
277.924000 94.120400 373.055000 78.530600
234.029000 102.995000 331.005000 88.992700
608.339000 102.838000 706.269000 77.547600
587.520000 110.110000 686.763000 82.533400
559.442000 117.765000 664.131000 91.137300
545.866000 123.255000 633.483000 96.745800
580.668000 126.591000 681.109000 100.476000
564.652000 128.069000 665.536000 103.007000
581.174000 135.839000 681.066000 110.421000
190.014000 137.864000 291.511000 123.529000
150.215000 140.492000 189.444000 63.661100
157.338000 142.734000 256.682000 130.836000
228.088000 148.974000 328.076000 135.002000
607.096000 157.279000 708.290000 129.503000
191.953000 175.531000 294.370000 163.090000
228.813000 177.810000 329.815000 164.633000
153.602000 194.253000 189.397000 244.219000
165.128000 198.283000 251.024000 184.974000
163.451000 257.675000 252.412000 245.111000
497.915000 302.721000 584.237000 278.995000
510.283000 303.307000 595.426000 279.297000
347.331000 312.231000 439.815000 292.859000
329.238000 313.245000 421.041000 293.903000
382.087000 313.185000 474.407000 292.234000
309.148000 313.897000 400.416000 294.707000
290.223000 314.668000 379.137000 296.828000
401.753000 315.276000 492.542000 294.460000
268.045000 316.354000 358.482000 297.728000
247.175000 316.597000 338.334000 356.907000
422.591000 316.514000 512.162000 294.683000
444.419000 317.601000 533.253000 295.494000
256.592000 319.665000 346.300000 301.937000
465.409000 320.113000 552.645000 297.989000
161.010000 322.151000 252.160000 309.304000
488.428000 322.025000 574.311000 298.928000
345.856000 327.387000 439.269000 306.928000
326.891000 327.712000 334.036000 344.860000
382.803000 327.510000 475.160000 306.834000
402.734000 329.936000 494.657000 308.587000
287.713000 330.456000 377.490000 313.004000
265.988000 332.089000 356.369000 314.420000
423.848000 331.778000 514.087000 309.798000
244.596000 333.572000 334.241000 315.555000
444.020000 334.112000 532.828000 312.191000
75.328300 336.151000 32.377000 336.020000
465.487000 336.850000 554.656000 314.195000
381.321000 338.435000 473.246000 469.449000
488.826000 339.053000 575.630000 315.792000
327.903000 340.165000 439.762000 319.385000
309.446000 341.252000 421.483000 319.669000
402.413000 340.733000 493.250000 320.240000
288.063000 343.332000 379.472000 324.449000
570.224000 343.382000 655.630000 366.498000
267.507000 344.079000 358.509000 326.133000
421.766000 343.774000 513.069000 321.573000
246.115000 345.616000 335.869000 329.112000
443.107000 345.532000 529.287000 483.696000
255.415000 348.824000 409.506000 298.140000
463.661000 349.491000 552.938000 326.111000
487.236000 350.684000 574.979000 327.613000
345.029000 353.353000 398.695000 311.274000
477.430000 352.447000 564.945000 330.035000
381.816000 353.917000 475.196000 332.915000
326.862000 354.557000 439.300000 332.986000
403.303000 355.487000 494.186000 335.278000
306.596000 356.737000 419.434000 334.976000
286.618000 358.988000 398.468000 337.103000
422.979000 358.884000 514.313000 336.847000
265.479000 360.891000 376.714000 340.062000
443.704000 361.836000 532.507000 340.450000
243.549000 362.988000 356.392000 342.272000
465.384000 364.374000 553.692000 341.238000
346.692000 364.657000 401.458000 321.796000
380.367000 364.680000 511.292000 427.808000
328.502000 365.839000 440.509000 344.368000
488.428000 366.719000 576.226000 344.012000
399.985000 368.416000 492.778000 346.886000
307.620000 369.438000 420.096000 347.342000
288.607000 370.701000 401.389000 348.677000
420.838000 370.760000 472.776000 319.420000
266.833000 373.328000 379.755000 352.511000
441.614000 373.587000 531.997000 324.343000
245.039000 375.373000 358.298000 354.482000
571.959000 375.036000 656.208000 380.142000
462.544000 377.338000 551.970000 354.263000
344.956000 378.470000 438.270000 383.863000
380.839000 380.320000 493.974000 438.879000
485.676000 379.473000 573.591000 356.771000
326.351000 381.363000 418.921000 309.267000
401.862000 382.825000 493.535000 362.261000
305.575000 383.997000 418.537000 361.326000
161.008000 384.773000 253.667000 372.320000
285.916000 385.917000 398.277000 364.541000
422.787000 385.760000 534.078000 366.595000
571.123000 388.133000 656.947000 395.068000
265.753000 388.550000 378.329000 367.094000
443.244000 388.961000 532.843000 421.053000
86.563300 390.431000 44.388000 391.037000
243.150000 390.994000 355.950000 369.506000
345.532000 391.011000 440.209000 370.282000
379.470000 390.644000 473.337000 369.720000
75.096300 391.736000 35.232800 392.853000
328.159000 392.990000 339.306000 413.298000
399.333000 394.252000 491.269000 372.937000
307.590000 396.266000 422.313000 373.135000
487.741000 395.741000 576.021000 372.564000
288.116000 398.132000 400.960000 376.060000
419.659000 397.764000 511.812000 375.680000
569.217000 400.484000 655.300000 409.739000
266.906000 401.361000 359.016000 382.090000
440.099000 401.013000 530.996000 378.644000
245.632000 403.885000 338.418000 384.893000
462.443000 403.536000 551.825000 381.898000
343.529000 404.654000 437.517000 409.355000
380.544000 405.650000 474.614000 385.109000
325.562000 407.653000 418.505000 387.533000
484.929000 407.514000 572.287000 385.095000
400.934000 408.918000 494.523000 387.909000
305.150000 410.467000 398.906000 391.159000
422.456000 411.381000 533.323000 446.411000
286.245000 412.793000 377.835000 393.260000
265.289000 415.524000 334.141000 401.263000
346.154000 415.679000 440.870000 421.003000
441.994000 416.590000 513.740000 391.086000
378.090000 417.140000 472.668000 345.086000
328.305000 418.845000 423.293000 399.730000
242.521000 419.941000 355.436000 397.539000
398.488000 420.128000 491.376000 398.396000
462.863000 420.503000 553.490000 398.342000
308.169000 421.894000 402.351000 401.903000
419.146000 423.508000 512.227000 348.527000
485.763000 424.331000 575.108000 401.378000
288.323000 425.032000 381.249000 379.091000
575.698000 427.023000 685.842000 401.768000
439.025000 428.363000 530.496000 352.630000
266.553000 428.966000 380.718000 406.266000
341.851000 430.320000 437.962000 359.171000
380.778000 430.724000 475.139000 358.641000
245.785000 431.669000 360.471000 409.645000
461.000000 431.752000 551.476000 408.704000
324.421000 433.565000 419.414000 413.339000
399.772000 435.569000 475.658000 409.936000
482.943000 435.683000 571.263000 413.389000
304.762000 437.345000 378.029000 447.360000
420.717000 438.943000 514.027000 363.943000
285.086000 439.925000 377.892000 421.357000
345.438000 441.189000 440.622000 396.253000
378.246000 441.459000 472.951000 395.725000
440.844000 443.450000 533.832000 394.409000
263.740000 444.020000 356.795000 424.838000
328.071000 444.730000 422.595000 424.671000
397.187000 446.009000 490.792000 424.620000
242.424000 447.427000 334.754000 428.571000
462.148000 447.351000 552.831000 425.229000
160.792000 447.879000 254.824000 434.014000
307.534000 448.901000 402.265000 428.262000
417.290000 450.344000 511.318000 402.295000
288.098000 452.216000 382.236000 431.740000
483.522000 452.207000 573.857000 429.260000
342.941000 454.533000 438.443000 433.926000
437.601000 454.787000 530.301000 432.140000
266.807000 456.226000 360.233000 436.478000
380.842000 455.721000 475.864000 434.675000
323.859000 458.992000 418.655000 438.677000
459.131000 458.888000 550.451000 436.305000
245.581000 459.901000 338.301000 440.429000
400.186000 460.138000 494.419000 413.424000
304.728000 462.676000 398.768000 442.574000
480.587000 463.916000 570.668000 441.074000
419.707000 465.346000 513.021000 443.298000
162.402000 465.990000 257.370000 450.539000
284.509000 466.547000 399.062000 416.834000
345.460000 466.226000 440.601000 446.422000
377.227000 467.019000 473.165000 420.393000
441.319000 468.575000 514.063000 416.641000
263.758000 470.944000 356.324000 451.355000
327.599000 470.650000 421.661000 450.255000
395.628000 472.225000 490.955000 449.572000
308.386000 473.941000 401.942000 454.277000
461.866000 474.348000 552.554000 452.819000
242.876000 474.603000 333.459000 455.424000
416.157000 476.309000 510.154000 453.810000
288.510000 478.044000 382.269000 457.911000
482.838000 479.400000 574.069000 456.240000
341.661000 480.050000 438.153000 459.045000
380.376000 480.218000 476.365000 458.800000
436.898000 480.563000 528.621000 459.183000
267.705000 482.844000 362.045000 462.940000
322.735000 483.949000 418.336000 462.934000
399.275000 485.338000 494.618000 463.867000
457.805000 485.589000 548.367000 463.368000
245.987000 487.419000 339.386000 467.224000
303.957000 487.471000 397.802000 467.977000
418.969000 490.258000 513.313000 467.939000
345.106000 491.246000 441.903000 469.747000
479.783000 490.603000 569.844000 467.752000
375.729000 492.512000 471.871000 446.424000
283.504000 493.243000 378.777000 472.573000
327.356000 494.991000 423.312000 473.718000
439.065000 495.443000 533.110000 472.590000
264.227000 497.209000 357.381000 476.694000
394.630000 497.511000 489.911000 475.394000
307.849000 499.818000 404.362000 478.916000
461.072000 499.937000 552.844000 478.221000
242.776000 501.372000 335.482000 482.000000
414.669000 502.139000 508.516000 480.180000
288.295000 504.378000 382.845000 483.913000
340.715000 503.877000 437.080000 483.196000
379.514000 504.966000 476.388000 483.394000
481.528000 505.846000 573.093000 482.725000
434.663000 507.502000 530.810000 405.797000
322.273000 508.311000 417.663000 487.522000
268.119000 509.182000 361.964000 489.363000
398.778000 510.081000 494.213000 488.178000
455.889000 512.308000 548.424000 488.856000
303.249000 513.573000 377.695000 497.838000
246.874000 514.157000 339.711000 494.189000
418.967000 514.654000 513.392000 492.549000
478.390000 516.362000 569.536000 493.706000
283.979000 518.118000 399.025000 492.956000
163.825000 521.821000 258.645000 505.177000
264.392000 523.528000 358.482000 503.541000
460.671000 525.746000 552.555000 503.892000
243.146000 527.667000 335.540000 509.105000
480.575000 532.036000 572.299000 508.726000
167.414000 547.654000 260.579000 528.064000
225.237000 561.310000 317.887000 541.030000
